shape_id,shape_pt_lat,shape_pt_lon,shape_pt_sequence,shape_dist_traveled
977934,43.6584271,-79.442157,1,
977934,43.6619355,-79.4255488,2,
977934,43.6666853,-79.4039195,3,
977934,43.67016210000001,-79.3866675,4,
977934,43.672379799999995,-79.37678170000002,5,
977934,43.6717745,-79.3709666,6,
977934,43.6745526,-79.36703990000002,7,
977934,43.6776254,-79.3518049,8,
977934,43.679005,-79.34454509999998,9,
977934,43.674380299999996,-79.3430001,10,
977934,43.6712452,-79.3417127,11,
977934,43.6706864,-79.34390140000002,12,
977934,43.66761320000001,-79.3427534,13,
977934,43.6683195,-79.339685,14,
977934,43.6685717,-79.3383171,15,
977934,43.66889370000001,-79.3370349,16,
977934,43.6690256,-79.3363698,17,
977935,43.6778757,-79.4430153,1,
977935,43.678318,-79.4409339,2,
977935,43.6787758,-79.4387452,3,
977935,43.6791716,-79.4370501,4,
977935,43.6795673,-79.43535490000002,5,
977935,43.6798699,-79.43402449999998,6,
977935,43.68015689999999,-79.4324152,7,
977935,43.6808475,-79.42948630000002,8,
977935,43.6814295,-79.42652509999998,9,
977935,43.6820579,-79.42352640000001,10,
977935,43.6823179,-79.4220217,11,
977935,43.6827019,-79.4201093,12,
977935,43.6832761,-79.4172608,13,
977935,43.6835554,-79.4157829,14,
977935,43.683951,-79.414026,15,
977935,43.6845324,-79.4110634,16,
977935,43.6834616,-79.410602,17,
977935,43.68232879999999,-79.41014059999998,18,
977935,43.68044329999999,-79.409352,19,
977935,43.6788643,-79.4087418,20,
977935,43.67828239999999,-79.41077890000003,21,
977935,43.6775656,-79.4106676,22,
977935,43.6768489,-79.4103525,23,
977935,43.6774251,-79.4081075,24,
977935,43.675458,-79.4073377,25,
977935,43.6734521,-79.4066431,26,
977935,43.6702548,-79.4053556,27,
977935,43.6690092,-79.40480840000002,28,
977935,43.6666843,-79.40382640000001,29,
977935,43.6622018,-79.40187890000001,30,
977936,43.6510547,-79.4399872,1,
977936,43.6529799,-79.43088909999999,2,
977936,43.6527935,-79.4287434,3,
977936,43.6552776,-79.4193449,4,
977936,43.6548429,-79.41488170000001,5,
977936,43.65683,-79.4053545,6,
977936,43.6584756,-79.3969002,7,
977936,43.6595933,-79.3911066,8,
977936,43.6614871,-79.3819227,9,
977936,43.6626669,-79.3756571,10,
977936,43.6632568,-79.3725672,11,
977936,43.6641065,-79.36870329999999,12,
977936,43.6642773,-79.3679094,13,
977936,43.663532200000006,-79.3676734,14,
977937,43.68424,-79.36518000000001,1,
977937,43.68372,-79.36499,2,
977937,43.683670000000006,-79.36508,3,
977937,43.683620000000005,-79.36528000000001,4,
977937,43.683620000000005,-79.36537000000001,5,
977937,43.6837,-79.36568000000001,6,
977937,43.683710000000005,-79.36581000000001,7,
977937,43.68363,-79.36624,8,
977937,43.68303,-79.36603000000001,9,
977937,43.68294,-79.36597,10,
977937,43.682680000000005,-79.36637,11,
977937,43.682280000000006,-79.3669,12,
977937,43.68191,-79.36731,13,
977937,43.68141000000001,-79.3678,14,
977937,43.681020000000004,-79.36817,15,
977937,43.68075,-79.36839,16,
977937,43.68056000000001,-79.36851,17,
977937,43.68036,-79.36861,18,
977937,43.680040000000005,-79.36869,19,
977937,43.679750000000006,-79.36871000000001,20,
977937,43.67954,-79.36868000000001,21,
977937,43.67924,-79.36859000000001,22,
977937,43.678920000000005,-79.36841000000001,23,
977937,43.67864,-79.36817,24,
977937,43.6784,-79.3679,25,
977937,43.67795,-79.36731,26,
977937,43.677890000000005,-79.36723,27,
977937,43.677800000000005,-79.36723,28,
977937,43.677780000000006,-79.36722,29,
977937,43.67763,-79.36712,30,
977937,43.677530000000004,-79.36710000000001,31,
977937,43.67734,-79.36713,32,
977937,43.67728,-79.36717,33,
977937,43.677200000000006,-79.36726,34,
977937,43.6771,-79.36745,35,
977937,43.67707,-79.36767,36,
977937,43.677080000000004,-79.36784,37,
977937,43.677110000000006,-79.36798,38,
977937,43.67716,-79.36808,39,
977937,43.677260000000004,-79.36818000000001,40,
977937,43.67737,-79.36826,41,
977937,43.677730000000004,-79.36844,42,
977937,43.678050000000006,-79.36859000000001,43,
977937,43.678180000000005,-79.3686,44,
977937,43.6783,-79.36854000000001,45,
977937,43.67837,-79.36848,46,
977937,43.678520000000006,-79.36831000000001,47,
977937,43.67857,-79.36827000000001,48,
977937,43.678740000000005,-79.36799,49,
977937,43.679100000000005,-79.36748,50,
977937,43.679280000000006,-79.36716000000001,51,
977937,43.679300000000005,-79.36708,52,
977937,43.67947,-79.36683000000001,53,
977937,43.680220000000006,-79.36568000000001,54,
977937,43.680690000000006,-79.36498,55,
977937,43.68084,-79.36478000000001,56,
977937,43.680980000000005,-79.36463,57,
977937,43.68124,-79.36443000000001,58,
977937,43.68211,-79.36396,59,
977937,43.68222,-79.36388000000001,60,
977937,43.68231,-79.36377,61,
977937,43.682480000000005,-79.3635,62,
977937,43.682550000000006,-79.36334000000001,63,
977937,43.682590000000005,-79.36318,64,
977937,43.682590000000005,-79.36301,65,
977937,43.682550000000006,-79.36288,66,
977937,43.68249,-79.36281000000001,67,
977937,43.682410000000004,-79.36273000000001,68,
977937,43.682300000000005,-79.3627,69,
977937,43.68159000000001,-79.36271,70,
977937,43.681140000000006,-79.3627,71,
977937,43.68104,-79.3626,72,
977937,43.680960000000006,-79.3626,73,
977937,43.680690000000006,-79.36257,74,
977937,43.67985,-79.36248,75,
977937,43.678610000000006,-79.36235,76,
977937,43.678050000000006,-79.36227000000001,77,
977937,43.677490000000006,-79.36216,78,
977937,43.676950000000005,-79.36203,79,
977937,43.67631,-79.36185,80,
977937,43.67503000000001,-79.36145,81,
977937,43.67461,-79.36128000000001,82,
977937,43.67409000000001,-79.36102000000001,83,
977937,43.67362000000001,-79.36073,84,
977937,43.673230000000004,-79.36046,85,
977937,43.67269,-79.36002,86,
977937,43.67217,-79.35954000000001,87,
977937,43.6711,-79.35854,88,
977937,43.67072,-79.35820000000001,89,
977937,43.670350000000006,-79.35791,90,
977937,43.669900000000005,-79.35761000000001,91,
977937,43.669450000000005,-79.35739000000001,92,
977937,43.66903000000001,-79.35723,93,
977937,43.66845000000001,-79.35706,94,
977937,43.6676,-79.35681000000001,95,
977937,43.66434,-79.35586,96,
977937,43.66322,-79.35553,97,
977937,43.66284,-79.35542000000001,98,
977937,43.66274000000001,-79.35537000000001,99,
977937,43.66257,-79.35531,100,
977937,43.662330000000004,-79.35524000000001,101,
977937,43.662020000000005,-79.35514,102,
977937,43.66122,-79.35491,103,
977937,43.66067,-79.35476000000001,104,
977937,43.65941,-79.35442,105,
977937,43.65879,-79.35419,106,
977937,43.658260000000006,-79.35392,107,
977937,43.65784,-79.35365,108,
977937,43.65762,-79.35347,109,
977937,43.65726,-79.35316,110,
977937,43.65704,-79.35295,111,
977937,43.65644,-79.35226,112,
977937,43.65596,-79.35169,113,
977937,43.65522000000001,-79.35086000000001,114,
977937,43.654880000000006,-79.35048,115,
977937,43.654120000000006,-79.34969000000001,116,
977937,43.65363000000001,-79.34927,117,
977937,43.65344,-79.34911000000001,118,
977937,43.65339,-79.349,119,
977937,43.65305,-79.34874,120,
977937,43.65281,-79.34859,121,
977937,43.65260000000001,-79.34843000000001,122,
977937,43.65249,-79.34832,123,
977937,43.65234,-79.34817000000001,124,
977937,43.65195000000001,-79.34782000000001,125,
977937,43.65129,-79.34725,126,
977937,43.651140000000005,-79.34713,127,
977937,43.65102,-79.34702,128,
977937,43.65106,-79.34694,129,
977937,43.65135,-79.34629000000001,130,
977937,43.65158,-79.34571000000001,131,
977937,43.65194,-79.34477000000001,132,
977937,43.652150000000006,-79.3442,133,
977937,43.652440000000006,-79.34347000000001,134,
977937,43.653270000000006,-79.34151,135,
977937,43.653830000000006,-79.34016000000001,136,
977937,43.65404,-79.33969,137,
977937,43.654770000000006,-79.33798,138,
977937,43.655080000000005,-79.33722,139,
977937,43.655480000000004,-79.33630000000001,140,
977937,43.65585,-79.33552,141,
977937,43.656560000000006,-79.33405,142,
977937,43.65711,-79.33290000000001,143,
977937,43.657790000000006,-79.33139000000001,144,
977937,43.658080000000005,-79.33065,145,
977937,43.65861,-79.32942000000001,146,
977937,43.6587,-79.32919000000001,147,
977937,43.65892,-79.32852000000001,148,
977937,43.65921,-79.32745000000001,149,
977937,43.659420000000004,-79.32663000000001,150,
977937,43.65975,-79.32512000000001,151,
977937,43.660000000000004,-79.32404000000001,152,
977937,43.66033,-79.32303,153,
977937,43.66048000000001,-79.32252000000001,154,
977937,43.66064,-79.32188000000001,155,
977937,43.660740000000004,-79.32163000000001,156,
977937,43.661030000000004,-79.32032000000001,157,
977937,43.661480000000005,-79.31836000000001,158,
977937,43.66183,-79.31673,159,
977937,43.66201,-79.31595,160,
977937,43.662020000000005,-79.31566000000001,161,
977937,43.66219,-79.31491000000001,162,
977937,43.66234,-79.31426,163,
977937,43.66284,-79.31209000000001,164,
977937,43.663140000000006,-79.31074000000001,165,
977937,43.663610000000006,-79.30869000000001,166,
977937,43.66396,-79.30718,167,
977937,43.66407,-79.30685000000001,168,
977937,43.66422,-79.30647,169,
977937,43.664480000000005,-79.30598,170,
977937,43.664730000000006,-79.30562,171,
977937,43.665090000000006,-79.30523000000001,172,
977937,43.665400000000005,-79.30496000000001,173,
977937,43.66564,-79.30482,174,
977937,43.665870000000005,-79.30474000000001,175,
977937,43.666050000000006,-79.30471,176,
977937,43.666250000000005,-79.30473,177,
977937,43.666470000000004,-79.30481,178,
977937,43.666630000000005,-79.30488000000001,179,
977937,43.66668000000001,-79.30494,180,
977937,43.66689,-79.30502000000001,181,
977937,43.66702,-79.30508,182,
977937,43.668380000000006,-79.30564000000001,183,
977937,43.66875,-79.30579,184,
977937,43.66888,-79.30521,185,
977937,43.66901,-79.30465000000001,186,
977937,43.669180000000004,-79.30388,187,
977937,43.669720000000005,-79.30144,188,
977937,43.670480000000005,-79.29798000000001,189,
977937,43.671420000000005,-79.29354000000001,190,
977937,43.67313,-79.28524,191,
977937,43.6706,-79.28419000000001,192,
